sp50uW_60mer_1 = [2 4 .58 1.37 65;...
                  2 5 .44 1.03 32;...
                  4 3 .85 .55 40;...
                  4 4 .91 .88 59;...
                  5 7 .71 .62 40;...
                  6 3 .72 1.05 94;...
                  8 3 .85 .83 40;...
                  8 4 .64 .87 46;...
                  10 3 .44 .88 33;...
                  10 4 .73 .82 42;...
                  11 4 .65 .57 73;...
                  11 5 .65 .93 75;...
                  11 6 .48 1.07 51;...
                  12 5 .66 .75 29;...
                  12 7 .48 .75 52;...
                  12 8 .62 1.03 93;...
                  13 5 .42 .53 39;...
                  14 6 .55 1.36 42;...
                  15 5 .54 .99 60;...
                  15 6 .48 .76 27;...
                  16 7 .67 .52 38;...
                  16 8 .8 .99 67;...
                  17 5 .92 .98 50;...
                  17 6 .95 .83 67;...
                  18 6 .76 1.08 56;...
                  19 5 .51 .61 36;...
                  19 6 .63 .94 55;...
                  20 6 1.01 .65 35;...
                  20 7 .6 .55 32;...
                  20 8 .9 .83 59;...
                  21 5 .59 .88 66;...
                  21 6 .6 .68 55;...
                  21 7 .67 .95 72;...
                  22 6 .49 .9 54;...
                  22 7 .53 .53 35;...
                  23 6 .44 .75 59;...
                  24 7 .62 .72 42;...
                  25 7 .84 .85 46;...
                  26 7 .9 1.23 69;...
                  27 7 .8 .59 53;...
                  28 7 .8 1.09 73;...
                  29 7 .57 .91 33;...
                  29 8 .66 .66 38;...
                  30 7 .73 .58 41;...
                  30 8 1.13 1.65 111;...
                  31 6 .55 .47 35;...
                  31 7 .43 .57 24;...
                  32 7 1.04 1.2 81;...
                  32 8 .62 .86 54;...
                  33 6 1 .97 50;...
                  33 7 .93 1.03 43;...
                  33 9 .48 .65 50;...
                  34 7 .54 .5 31;...
                  35 7 .46 .43 23;...
                  36 7 .53 .58 22;...
                  37 8 .81 .77 49;...
                  37 9 .44 .6 25;...
                  37 12 1.05 .91 102;...
                  38 8 .45 .68 44;...
                  39 9 .88 .75 53;...
                  40 8 .48 .47 31;...
                  41 7 .71 1.55 64;...
                  42 8 .75 .84 47;...
                  43 7 .69 1.15 46;...
                  43 8 .98 .65 61;...
                  44 10 1.01 .73 64;...
                  44 11 .51 .74 46;...
                  45 9 .88 .75 52;...
                  45 10 .64 .55 35;...
                  46 11 .75 1.08 90;...
                  47 9 .63 .95 50;...
                  49 11 .68 .64 66;...
                  50 10 .59 .76 33;...
                  51 9 .66 .86 45;...
                  52 9 .46 .83 43;...
                  52 10 1.28 1.11 79;...
                  53 9 .77 .72 .33;...
                  53 10 .42 .38 24;...
                  54 9 .56 .92 40;...
                  55 9 .51 .56 33 ...
                  ];
              
sp50uW_60mer_5 = [1 4 .46 .53 28;...
                  2 3 .73 .5 41;...
                  3 3 .76 .86 58;...
                  4 3 .52 .65 54;...
                  4 4 .75 1.12 42;...
                  5 3 .34 .59 58;...
                  6 3 .8 1.23 60;...
                  7 3 .81 .58 49;...
                  8 3 .95 1.14 66;...
                  8 4 .62 .65 34;...
                  9 5 .7 .56 43;...
                  10 5 .38 .98 37;...
                  11 4 .92 .63 66;...
                  11 5 1.16 .71 43;...
                  12 6 .56 .67 35;...
                  13 4 .64 .62 67;...
                  13 5 1.09 .76 67;...
                  14 6 .29 .43 18;...
                  15 6 .42 .64 31;...
                  16 7 .46 .88 85;...
                  16 8 .64 1.1 103;...
                  17 9 .93 .74 39;...
                  18 8 1.09 .88 83;...
                  19 7 .46 .78 52;...
                  19 8 .45 .59 63;...
                  20 9 .52 .6 33;...
                  21 8 .49 .79 36;...
                  22 9 .7 .85 34;...
                  23 9 .6 .42 37;...
                  24 10 .79 .67 55;...
                  25 12 .6 .98 30;...
                  26 8 .7 .7 39;...
                  26 9 .6 .73 48;...
                  27 9 .91 .5 66;...
                  28 8 .56 .88 67;...
                  28 9 .65 .9 112;...
                  29 10 .65 .98 40;...
                  29 11 .99 .83 59;...
                  29 12 .92 .77 53;...
                  30 10 1.17 .85 65;...
                  30 11 .45 1 61;...
                  30 12 .92 .77 53;...
                  31 10 .62 .58 57;...
                  32 10 .64 1.01 42;...
                  33 9 .82 .91 57;...
                  33 10 .67 .23 22;...
                  34 9 .81 .86 88
                  35 10 1.08 .8 62;...
                  35 11 .58 .49 33;...
                  35 12 .74 .83 54;...
                  35 13 .65 .86 46;...
                  36 12 .34 .7 25;...
                  36 14 .69 1.72 76;...
                  38 11 .45 .75 26;...
                  38 13 1.09 .66 56;...
                  39 11 .26 .98 34;...
                  40 11 .55 .78 72;...
                  40 12 .58 .95 62;...
                  41 10 .66 .57 71;...
                  42 11 .53 .76 70;...
                  43 12 .69 .68 64;...
                  44 14 .82 .77 56;...
                  45 11 .71 1.03 .53;...
                  45 12 .4 .45 37;...
                  46 11 .72 .95 74;...
                  46 12 .46 .73 38;...
                  47 11 .55 .66 39;...
                  48 12 .63 1.2 67;...
                  48 13 .61 1.12 72;...
                  49 13 .46 .66 28;...
                  50 12 .51 .84 64;...
                  50 13 .88 .81 60;...
                  50 14 .59 .85 50;...
                  51 11 .66 .51 41;...
                  52 11 .68 .65 51;...
                  53 12 .9 .87 76;...
                  54 13 .91 .98 53;...
                  54 14 .47 .65 67;...
                  55 13 .7 .87 82 ...
                  ];

              
